-1.359484607839610837e-01,1.750932621659805413e-02
-1.362190041119542838e-01,4.162882902531606436e-03
-1.380286407137727156e-01,3.622789545794091043e-02
-1.405103749058724538e-01,1.557561495069930205e-02
-1.443640221447244909e-01,3.914618071287861989e-02
-1.482587429087165731e-01,2.213274241302165546e-02
-1.529932635328045409e-01,2.426333711713107855e-02
-1.552482448781362656e-01,3.889547033742684484e-02
-1.570745040167099704e-01,1.911816655308139559e-02
-1.606465422319631464e-01,2.215636726614572671e-02
-1.640978567406693733e-01,1.880952343848110719e-02
-1.671839544800694799e-01,1.836702576386399846e-02
-1.701088652324459494e-01,2.629732884507297169e-02
-1.728969265338191619e-01,4.043997222505753969e-02
-1.733569497856482233e-01,1.808841559612829261e-02
-1.721993343967413992e-01,2.621273602688683688e-02
-1.718046701556883993e-01,3.353636627213004567e-02
-1.713334797127328002e-01,1.347197231518275189e-02
-1.720002826426874076e-01,1.387614024511962807e-02
-1.739089105888156628e-01,4.667065635117274153e-02
-1.762205576757377712e-01,3.617672866655443492e-02
-1.792535612581976356e-01,2.885933381116544474e-02
-1.811658808523035347e-01,3.238600272103060035e-02
-1.821778265290800725e-01,1.464972155170918364e-03
-1.831386020223021438e-01,3.090514827808484369e-02
-1.818862634304506121e-01,2.547544366121009748e-02
-1.808235486993854391e-01,2.728748398897178420e-02
-1.802510056879542133e-01,1.797119134154085557e-02
-1.800037299069999763e-01,4.073694885647094824e-03
-1.802022879115286746e-01,9.666961680602610685e-03
-1.827118018930243004e-01,4.753723566063358663e-02
-1.855550435438204637e-01,2.043497811354669930e-02
-1.900454564740514385e-01,2.333415779154321065e-02
-1.948086080892274807e-01,2.635489492671949652e-03
-1.990508010394400895e-01,1.878311477199029553e-03
-2.042979413109883846e-01,3.585907235233788681e-02
-2.100848592159243744e-01,2.690473320605556509e-02
-2.163263684844006773e-01,2.543529921081333356e-02
-2.229329254391710091e-01,1.215622652113343416e-02
-2.280710901419439607e-01,3.723753658149610984e-02
-2.326587602385271625e-01,8.411828955424595008e-03
-2.377011158854978323e-01,9.496737183051003062e-03
-2.430445207561849064e-01,2.303560856741377477e-02
-2.490801563675880959e-01,1.431399310559704555e-02
-2.538601646056958816e-01,1.237314906165731809e-02
-2.567042359554904118e-01,3.226188222766658564e-02
-2.584474671164274096e-01,3.254858726092722809e-02
-2.603394376032505675e-01,4.122585348999646682e-02
-2.618309772275654868e-01,2.088542834864879488e-02
-2.650508713177904263e-01,3.654254551307512238e-03
-2.684797263474490436e-01,1.368331924607288363e-02
-2.729632503086750206e-01,4.900027315984084586e-02
-2.763639231020474929e-01,2.981292876163510464e-02
-2.798328416892248427e-01,3.548685424005101202e-02
-2.827954564775642110e-01,3.678914812707267945e-04
-2.867126738438718347e-01,2.591028660912604586e-02
-2.903839611203377635e-01,1.876432876590156291e-03
-2.963833013611512635e-01,2.846151060457240145e-02
-3.016897450603035491e-01,4.603854248180377223e-02
-3.069601803162222420e-01,4.842095652502039632e-02
-3.142228843428870322e-01,2.702763376944621043e-02
-3.209770167094289084e-01,2.291024026261079954e-02
-3.279251670876740521e-01,4.725085471242470442e-02
-3.341314595281670297e-01,3.368049159983475815e-02
-3.401118982482310704e-01,3.244963976920473350e-03
-3.474308393262188210e-01,2.328627888337488072e-02
-3.534941402816536571e-01,1.201225092321519562e-02
-3.605806602695940666e-01,2.349021607243408083e-02
-3.674375780154058302e-01,2.277327860031808787e-02
-3.734312806678879992e-01,2.910724014073710203e-02
-3.787674195606110517e-01,1.783852451746256382e-02
-3.844532849644001771e-01,8.213522472796403601e-03
-3.901357421613138587e-01,2.518597172949781429e-02
-3.942277620680165184e-01,4.151014421728810300e-02
-3.983383756203607851e-01,3.320061140338011890e-02
-4.027925757108534177e-01,1.691839329626079400e-02
-4.053254629470521286e-01,4.677615113794286739e-02
-4.079300820703826158e-01,4.561037856245911404e-02
-4.102919877482149036e-01,1.046741996920493890e-02
-4.133616003189646837e-01,1.970879256018148989e-03
-4.163153221115438729e-01,3.706543541753811594e-02
-4.211439685794061694e-01,4.138051306745766517e-02
-4.248813077136202598e-01,4.839322829756776551e-02
-4.283993929291181613e-01,4.449181970441554168e-02
-4.322620326468458174e-01,3.002673841032074339e-02
-4.347314929581066467e-01,2.650261696061904232e-02
-4.365520239318413376e-01,1.392052563129314623e-03
-4.374423497624064239e-01,1.233282234223889197e-02
-4.382800299467373706e-01,2.298073758664632288e-02
-4.390955986545580503e-01,3.142519500417838979e-02
-4.398570239700210771e-01,2.786259166592053305e-02
-4.410345181263367054e-01,3.713179948408452946e-02
-4.403610230553776095e-01,1.398834654435204307e-02
-4.378629508516576063e-01,2.824763038262366466e-02
-4.362011459988476836e-01,4.407112169539606668e-03
-4.353311703242382369e-01,2.068327617916035019e-02
-4.334671638557014983e-01,3.750804164773005600e-02
-4.319097324347673794e-01,3.467004267145220447e-02
-4.294396423212189506e-01,4.953213685860895221e-02
-4.265650254543505437e-01,1.389455629938780162e-02
-4.238087726937128652e-01,2.490946495869895971e-02
-4.197101197510441084e-01,1.647652068869983819e-02
-4.148134474981198805e-01,2.203015570295873901e-02
-4.104786953382414949e-01,4.284750649346941165e-02
-4.072217945764742830e-01,3.421045375942433076e-02
-4.046634787183946980e-01,4.412205956737908635e-02
-4.017762454607420319e-01,1.017555541659432433e-02
-3.981430534626151929e-01,4.366805589207189975e-02
-3.943395680411690973e-01,2.988113708919221210e-03
-3.917121151740233786e-01,4.442996402185762223e-02
-3.886830984500487252e-01,1.645368897303639555e-02
-3.854503821072987613e-01,1.572938167070332335e-02
-3.808912206172302972e-01,2.560442883493319749e-02
-3.768566914489523412e-01,4.703450938616159094e-02
-3.715293443350997649e-01,2.389068234070268644e-03
-3.638704259793829610e-01,1.761154875353726501e-02
-3.568203296346247888e-01,4.282859943416678777e-02
-3.505629929716964077e-01,1.980272387177333879e-02
-3.457172061778672201e-01,9.957844879853350317e-03
-3.424252312197371695e-01,2.123970906657059177e-02
-3.407050148929259836e-01,1.927762507458346750e-02
-3.377277293892941845e-01,4.577081007333517332e-02
-3.349142503380453939e-01,3.809671878715485682e-02
-3.335770588919082513e-01,2.525577778720031891e-02
-3.317621387338405281e-01,4.941852833607855711e-02
-3.297486362907551261e-01,2.326387656379616531e-02
-3.265906912784520277e-01,2.911891541013761353e-03
-3.230813206207885924e-01,1.311371609074924588e-02
-3.199624198356900151e-01,2.180352401096563239e-02
-3.179059688070255407e-01,7.845131207306005675e-03
-3.131520508078943221e-01,4.737825631620215527e-02
-3.087194862269072582e-01,3.834244489088865782e-02
-3.045845343558015728e-01,1.341436002138863409e-02
-3.024439622529492278e-01,2.954022667589579348e-02
-3.008956590671512110e-01,3.607245785547859990e-02
-2.998734483669975859e-01,4.706394644533989924e-02
-2.983971266658395627e-01,4.408176745877053632e-02
-2.974218598040539452e-01,2.575961130691068607e-02
-2.953101194871716739e-01,3.873263098965087914e-02
-2.915309006327758135e-01,2.810723769137925265e-02
-2.881478283796084505e-01,2.763519450227700652e-02
-2.845026809121405376e-01,5.737097916909595155e-03
-2.814602422715458685e-01,6.306882900807603623e-03
-2.806095685967727738e-01,2.647668075112287467e-02
-2.807468956099345991e-01,1.344307724895033029e-02
-2.809138355690399824e-01,1.051845123023431540e-03
-2.828302057772632550e-01,3.614196019501061258e-02
-2.851405013692453472e-01,1.624329834508247972e-03
-2.865064312553903814e-01,2.976384205520272996e-02
-2.875249946745454532e-01,2.695968970636572135e-02
-2.897218039102595344e-01,4.844073452889022247e-02
-2.921246614787417761e-01,2.421065696738208470e-02
-2.954301472666613360e-01,3.180071818889868267e-03
-2.982735440053753129e-01,2.758439839032308591e-02
-3.007556408141237037e-01,4.205480853080507259e-02
-3.046701175281475993e-01,4.984246421407199923e-02
-3.085180360603697602e-01,2.151715868445362723e-02
-3.108582179992821493e-01,1.601493712483712667e-02
-3.112418018648889229e-01,4.533266484759995024e-02
-3.127298036320077523e-01,9.562106453806069883e-03
-3.141916922764741438e-01,3.077144575164633342e-02
-3.148037713319881692e-01,2.028572120904738665e-02
-3.125491636092753156e-01,2.054118247777764195e-03
-3.105616574384582051e-01,1.736442371528488723e-02
-3.095552992529997383e-01,1.326142612513372954e-02
-3.108565750905353253e-01,3.430455769717434544e-02
-3.119138706500302338e-01,4.743952488459590722e-02
-3.107836211047297348e-01,1.340235936893188762e-02
-3.082363346265973303e-01,4.057329695758409016e-02
-3.045085964704758452e-01,2.767990846920476145e-03
-3.000606211281481306e-01,2.690605050199065817e-02
-2.950951540146625751e-01,3.527503185494729361e-03
-2.902122431509006062e-01,4.670164955653197114e-02
-2.850403080381443410e-01,3.831756402786951066e-02
-2.797213361094303408e-01,3.289749556022961846e-02
-2.726167517678229624e-01,4.119481908123321517e-02
-2.674134214853657321e-01,3.237598977850816157e-02
-2.612151263106454180e-01,4.844721985871455749e-02
-2.539017684450868839e-01,3.569789739323857986e-02
-2.478775271024452331e-01,4.623293047911233855e-02
-2.417237507678396125e-01,2.585659460053190209e-02
-2.359291769580488529e-01,5.853220649093132666e-03
-2.309651128953383592e-01,2.640888607115085551e-02
-2.267013750671685868e-01,6.343641403154665591e-03
-2.225313657196766048e-01,2.962467395882025303e-02
-2.202232837858680292e-01,2.412465302638314851e-02
-2.178251672617398105e-01,3.112876989163908606e-02
-2.131312161186550702e-01,5.023490527415796830e-04
-2.077546286342040194e-01,9.742024582768205390e-03
-2.027857144506395592e-01,2.456652159560654414e-02
-1.960392241186346141e-01,4.752517807945674799e-02
-1.903608222497883695e-01,1.918045201775792075e-02
-1.855410669532681356e-01,2.121860130268173397e-02
-1.829627435868101115e-01,3.573480445033110769e-02
-1.802889699567477022e-01,3.018963786430590296e-02
-1.793119269695609419e-01,1.494630750491666299e-02
-1.788052091588247516e-01,2.054081977837139000e-02
-1.802903265206894923e-01,1.088498994286162327e-02
-1.835448706161704469e-01,4.830107295651042687e-02
-1.874034109785150393e-01,6.531719077867987298e-03
-1.917640053447868254e-01,1.859183922832097213e-02
-1.982488742940285986e-01,1.291948611000559620e-03
-2.043158598936928028e-01,1.108897459667732011e-02
-2.079417021678983402e-01,3.902355691900774581e-02
-2.107513849695002439e-01,1.005876161444397426e-02
-2.111207364989012292e-01,4.003170126448280138e-03
-2.104321064006195452e-01,2.372265899222616645e-02
-2.089038772346891448e-01,4.984617367259247967e-04
-2.080594791432468782e-01,4.238307721316658498e-03
-2.070199267600380810e-01,4.038129347814875536e-02
-2.060601995143428455e-01,3.857366724298032234e-02
-2.046037042510821247e-01,4.575694102024480125e-02
-2.012284582599163374e-01,4.272577179553747884e-02
-1.978239795161449155e-01,3.415877816199090755e-02
-1.930101123633056470e-01,2.616642865033142092e-03
-1.894753514769025038e-01,3.914243089933287789e-02
-1.863441011449939455e-01,4.227554054202802697e-02
-1.832363543218236690e-01,3.995410728859772470e-02
-1.816416188265667919e-01,2.542395176540130503e-02
-1.791179569155808837e-01,1.164509193247408383e-02
-1.752741228534099027e-01,4.226649878443633490e-02
-1.718565501107007232e-01,3.635814048700692497e-02
-1.680684924854539686e-01,4.903805871944258432e-02
-1.645639208718267799e-01,7.784629887796646469e-03
-1.610778488938841846e-01,1.128322915260275387e-02
-1.573840023885727524e-01,1.058990749407513580e-02
-1.526251119596530870e-01,3.962698838106683968e-02
-1.487847199401424458e-01,9.345364822505908969e-03
-1.453736343064179759e-01,3.332991491165305034e-03
-1.443526584422145931e-01,4.992804032928143537e-02
-1.448654478730413697e-01,1.240860572257457446e-03
-1.456031718237611461e-01,4.176220300794328266e-02
-1.480108320637909813e-01,1.826834207753263994e-02
-1.496888953826174540e-01,4.208077298789076465e-02
-1.515407669217291864e-01,2.773102456055724988e-02
-1.523598782389496142e-01,4.508156147431800764e-02
-1.528516259107872421e-01,4.630964932073133866e-02
-1.511516276783096413e-01,4.549090640387998480e-04
-1.497357281688449504e-01,3.770608799639413658e-03
-1.481597787468753591e-01,1.251793647854277519e-02
-1.456096381761848579e-01,3.346577081817508209e-02
-1.419357354420126283e-01,4.441360982557530229e-02
-1.381442120337020019e-01,2.299709756469814001e-02
-1.339418403127712320e-01,3.034865581371327253e-02
-1.294725256344970432e-01,9.424992639778057013e-03
-1.237931049997612332e-01,4.024834169408426920e-02
-1.188015265977459128e-01,4.836640556767349275e-02
-1.144904867990968883e-01,1.342994664572987398e-02
-1.113304595005672887e-01,2.474129758002731674e-02
-1.080475164321094278e-01,4.305805525318689812e-03
-1.036193345713949526e-01,2.795683282314842186e-02
-1.014634141964764619e-01,2.513917209233403061e-02
-9.913809295077308237e-02,7.221824207753880023e-03
-9.871991182020893596e-02,2.210331065590375246e-02
-9.912270243926772639e-02,1.670523260432816431e-02
-9.964901315227214784e-02,2.609154376525946867e-02
-1.013991873302835245e-01,2.928271677143996082e-02
-1.038197006580721393e-01,4.247789303604754588e-04
-1.054558860504129086e-01,3.805029914747776881e-02
-1.065139624001476409e-01,3.565071459308704477e-02
-1.069437998928202960e-01,1.831431931032611107e-02
-1.073343984693112818e-01,2.646796778440913163e-03
-1.074476250116176562e-01,3.774662698925251858e-02
-1.056027733992773998e-01,4.775875802390662506e-02
-1.039814275035774033e-01,1.200757980110071094e-02
-1.023355359811859294e-01,1.617623068685189458e-02
-9.955729751993491750e-02,9.190644474090748847e-03
-9.603445218312967047e-02,2.884680616724198676e-02
-9.126682757850544669e-02,7.742069732372747377e-03
-8.713866801223545122e-02,1.780969717306897168e-02
-8.313796075208336467e-02,3.485065069671314936e-02
-7.849943269369691334e-02,2.800579915046742113e-02
-7.670965250732471319e-02,1.932312821639676353e-02
-7.466540912809092878e-02,2.101248009037709474e-02
-7.232693380450495868e-02,2.810554413116147718e-02
-6.987141667603100070e-02,2.932363943580651878e-04
-6.653101980087508527e-02,3.925493422680492554e-03
-6.246565873132507024e-02,4.406290338815058161e-02
-5.975635873720387681e-02,3.893949454564538202e-03
-5.582874313037296254e-02,3.534017981052525736e-02
-5.242768649475894327e-02,4.600190820545263515e-02
-4.967956630782677935e-02,1.353418021508655603e-02
-4.776237922571863886e-02,1.852457185297571446e-02
-4.584369738039990871e-02,2.844607029223581579e-02
-4.481231264830846939e-02,4.408544848192923887e-02
-4.345505925561718441e-02,4.709527936302101286e-02
-4.169952452409448479e-02,3.697816240556340422e-02
-4.044151468546095668e-02,4.330988042734701220e-03
-3.942677015217580655e-02,3.345770777674254154e-02
-3.762754653149687906e-02,2.051518609363310597e-02
-3.713655523214820509e-02,2.353504997455307945e-02
-3.690904067199455435e-02,2.457419517258852253e-03
-3.618730882660093490e-02,9.553106967317910245e-03
-3.539884994585056066e-02,3.952568037668238721e-02
-3.397288877509008903e-02,2.269794165239298958e-02
-3.269567449603911352e-02,1.508311208155744404e-02
-3.109836991534077263e-02,1.920095369824791065e-02
-2.938909360590242353e-02,4.271997566628401438e-02
-2.828801792416730729e-02,3.744995087024784869e-02
-2.819617958686633855e-02,1.361576985905414011e-02
-2.785054264141044109e-02,5.875092010618665830e-03
-2.891211540593228643e-02,1.259991108220358605e-02
-2.978844608120796017e-02,4.603782255273668883e-02
-3.112425426077868040e-02,2.907944189248776873e-02
-3.118543984796777122e-02,2.667401043723914567e-02
-3.138056303218028642e-02,2.981967998462307923e-02
-3.103376657657152399e-02,1.830141328732576289e-02
-3.150746889558623393e-02,4.035535101597564206e-02
-3.293110247361921705e-02,2.616431246501249239e-02
-3.595844019901450750e-02,5.837395138439777434e-03
-3.822621674644142292e-02,6.453256241453148370e-03
-3.952924392712987844e-02,2.684295732513091934e-02
-4.103852155061547130e-02,4.682851090354196028e-02
-4.192363124275011455e-02,1.541760608380993852e-02
-4.213936240923568666e-02,4.347705844296091693e-02
-4.377387649844127065e-02,3.820477932894397050e-02
-4.510479078112245022e-02,1.239062214534534384e-02
-4.731900249441849809e-02,1.817037415812122877e-03
-4.992480875074775670e-02,5.092363257119137537e-03
-5.280071185123765692e-02,3.642469669237201335e-02
-5.630574303137454023e-02,9.983486902032335727e-03
-5.940689369340806936e-02,1.856354602526968933e-02
-6.128150687850532352e-02,2.508495830032124452e-02
-6.086022215585143447e-02,3.627340842250813963e-02
-5.985190041063402633e-02,5.661561162956268989e-03
-5.918616388992479355e-02,2.031832026387307699e-02
-5.849142431798959318e-02,2.425364545713477177e-02
-6.155904369144303556e-02,2.704135319857698533e-02
-6.541886817970117562e-02,4.091803206976083601e-02
-6.938456121863276205e-02,8.583909752160846438e-03
-7.050351016719699770e-02,4.039157259133111660e-02
-7.032853776830413906e-02,3.464392138483261135e-02
-7.117290710800805442e-02,2.779354070994796699e-02
-7.174492179498190292e-02,3.497639352012859443e-02
-7.308510764578032837e-02,2.060088694758282005e-02
-7.584120316073933443e-02,6.919879298406228854e-03
-7.928544529112367678e-02,3.328826201326836459e-02
-8.290215360023878155e-02,2.623361533428111500e-02
-8.651062862921460317e-02,3.196874002713877977e-02
-9.077171127538082029e-02,1.689993905142450278e-02
-9.512407745864480402e-02,4.534332886699179999e-02
-9.957271715110699306e-02,2.936849342877884822e-02
-1.043181056850957245e-01,4.270124214543691114e-03
-1.098049776284221873e-01,2.249019953522143553e-02
-1.160812791944725864e-01,3.781780273718171603e-02
-1.201473173860113791e-01,3.970672808661362269e-02
-1.227066880434821150e-01,2.472985263818794008e-02
-1.241624550562671764e-01,4.473737854156505794e-02
-1.261599851008630702e-01,1.338342185971487866e-02
-1.295484265638192634e-01,2.052993486191333206e-02
-1.329350044589369395e-01,4.492984552844850321e-02
-1.363843658921083946e-01,4.481283582357895034e-02
-1.381084361904258428e-01,3.428563844123404952e-02
-1.396024778893619200e-01,4.294902735611100947e-02
-1.420985538949442739e-01,4.438663347811633471e-03
-1.447834660827680697e-01,4.324974881038881613e-02
-1.477985687144785232e-01,1.603099532751134024e-02
-1.509642823531877898e-01,8.916575621410816402e-03
-1.542776254240555145e-01,1.196849181710231760e-02
-1.576849398321724660e-01,2.089842540069435442e-02
-1.600172736556655650e-01,1.255960023022336183e-02
-1.605953419047296271e-01,1.602837930082495407e-02
-1.614132565719165746e-01,6.748924303582104663e-03
-1.625945941497290714e-01,1.480883827794992648e-02
-1.638854699646360435e-01,2.861419072710005840e-02
-1.651938734863576674e-01,2.209268540455319729e-02
-1.664242177938356215e-01,1.733593806179556038e-02
-1.669837319074105042e-01,3.732260644285569778e-02
-1.663218036591440074e-01,4.467549856966589877e-02
-1.649847793816849317e-01,3.783946114511985148e-02
-1.627174043957020089e-01,1.660003510588396042e-02
-1.620259190220161571e-01,3.722210839187768683e-02
-1.592888208813452167e-01,7.599009123702560667e-03
-1.549317898153778073e-01,6.515899404564546270e-03
-1.527220669410394860e-01,1.728135185180794745e-02
-1.509915976236182178e-01,4.038511845220285612e-02
-1.498825599502413564e-01,1.231741236211509466e-02
-1.502415025673897730e-01,3.162670444933979655e-03
-1.490988781394058937e-01,6.585476760317754766e-03
-1.487205485834224294e-01,4.293724842647900913e-02
-1.472912064673439214e-01,3.168916423736438392e-02
-1.451401086530446638e-01,1.266005816849883475e-02
-1.424236294834741456e-01,2.776479126640906889e-02
-1.406349715993306104e-01,2.637898112126751959e-02
-1.390533873476533233e-01,3.277179892203306577e-02
-1.383519119641277439e-01,1.165937772108081687e-02
-1.396286383905219197e-01,4.322014935971988520e-02
-1.407484213639227932e-01,1.546842810400064251e-02
-1.424121649308776605e-01,3.470658269881184838e-02
-1.436605427348325859e-01,8.062323186107446006e-04
-1.440604052854886630e-01,1.863285649470736161e-02
-1.441352827151698435e-01,1.758549089794041523e-02
-1.434980969399665407e-01,2.717422142915072725e-02
-1.410481450209137011e-01,3.636813088859824905e-03
-1.384385426643063854e-01,3.950656868630542107e-02
-1.347807506360069185e-01,1.088904008837842698e-02
-1.298006958142030598e-01,3.385189074410051291e-02
-1.249848599333617249e-01,4.016060616220466090e-02
-1.219154264290697731e-01,2.809384781207565837e-02
-1.187529964371424607e-01,3.704416033609927300e-02
-1.177567974681802132e-01,3.309301561075028014e-02
-1.157030493246333502e-01,1.777648985760038255e-02
-1.124319625787691540e-01,4.044292695167826801e-02
-1.105559596518236876e-01,1.473506849427639979e-02
-1.075920646995746216e-01,2.856064588757585912e-02
-1.038585582623797327e-01,3.726988695707697530e-02
-1.005519262145298520e-01,1.894779549062538052e-02
-9.738372050058664853e-02,1.513838038087125283e-02
-9.604550699876075737e-02,2.296730050864113915e-02
-9.271215830371350164e-02,4.089817471745768596e-02
-8.938903303228626362e-02,4.649608815728323991e-02
-8.551545363606165295e-02,2.725417064299450950e-02
-8.323888699415493697e-02,3.307331026618259145e-02
-8.167145137111658793e-02,4.516368111194571378e-02
-7.999074688620451401e-02,4.927342570647120189e-03
-7.778598097279398882e-02,1.160392889330825322e-02
-7.616789278751108505e-02,3.544500031257912659e-02
-7.447396672165990106e-02,4.118722309561498318e-02
-7.339998937157031500e-02,4.285145141652890038e-02
-7.192563908961666086e-02,2.075535884274663095e-02
-7.042792175116055486e-02,4.466995114593342274e-03
-6.801390545448771086e-02,2.188907386498099850e-02
-6.421592073809090362e-02,1.153672951035268970e-02
-6.109366032043073158e-02,1.455982274983120932e-02
-5.810904445823925069e-02,3.861337784187529598e-02
-5.446139167049925817e-02,3.776354301294343636e-03
-5.012160282666030392e-02,4.137906087403511041e-02
-4.605748517947147458e-02,2.138345429120845631e-02
-4.135995270023470893e-02,2.980319655502975534e-02
-3.589644612560821679e-02,4.482611561783950149e-03
-2.979657618649702439e-02,1.686795391786398077e-02
-2.392890911065728710e-02,4.485045950742289587e-03
-1.749497562768128484e-02,4.807718614405548374e-02
-1.243222070163581099e-02,4.036308246631252483e-02
-8.224313107869214018e-03,2.298163771782301204e-02
-3.260994568187500220e-03,1.118012741618355614e-02
1.839409323003799238e-03,4.667275526249261425e-02
6.387795518673647366e-03,1.722982978634858900e-02
1.244763382256150464e-02,8.049221584368737928e-03
1.614476292731429133e-02,2.815821942269774655e-02
1.910728886580148264e-02,4.718870601724080988e-02
2.420396328977264186e-02,1.915145250161287668e-04
2.859767316914772067e-02,1.190624216269993776e-02
3.233821354322423403e-02,4.692238202052038260e-02
3.431015285433511308e-02,8.554298342858103130e-03
3.578842840178689255e-02,5.662172581990993631e-03
3.721910332940853161e-02,2.850936078999022349e-02
3.836760566161497021e-02,4.309219116474150013e-02
4.080409561616545749e-02,2.385549088469630929e-02
4.334115950502828718e-02,4.972821283422623750e-02
4.599082913741721346e-02,3.395858497689964450e-02
4.916434563775485406e-02,3.703745360522387158e-03
5.163924178196849929e-02,4.964160658409877414e-02
5.379466949688482824e-02,2.039471183900952445e-02
5.441131356347945341e-02,1.437012669227412734e-02
5.317512192191675008e-02,2.789395917889428075e-02
5.136381544796889825e-02,1.521537959104321547e-02
5.094271498380294194e-02,4.322875356007616077e-03
5.034604417884375877e-02,7.141715395883596607e-05
5.033574822440536195e-02,2.247916764601311582e-02
5.018270472273912014e-02,4.184317111132961758e-02
4.903128152883882984e-02,2.861575928150382822e-02
4.713173562409069678e-02,4.996036494717204235e-02
4.502300474648920220e-02,1.434233228235999927e-02
4.237817417883837229e-02,1.402275323800276745e-02
3.755815537958238914e-02,7.987473011697211051e-03
3.309775833137040824e-02,8.203179413266759035e-03
2.892328554153325917e-02,1.425932980050239121e-02
2.350097538735883979e-02,3.964200226367636110e-02
1.827406462558839317e-02,4.528783953182239502e-02
1.168524806816500540e-02,4.875435848538406391e-02
3.136019975738984708e-03,1.161448270482263317e-02
-4.643455618504217786e-03,4.406487728070458687e-02
-1.039646479719080925e-02,1.641275446386685280e-02
-1.605651437239847407e-02,5.642027225844220908e-03
-2.235713932470543772e-02,4.350124627600828603e-02
-2.997880442533922690e-02,3.180528173218093169e-02
-3.607191179227468847e-02,8.236544804053086422e-03
-4.154272098583734751e-02,2.149156287565012757e-02
-4.650923542873817984e-02,1.436288474385338278e-02
-5.137757511293966628e-02,3.683972843550985254e-02
-5.710819814953518869e-02,2.267081153121340564e-02
-6.232937972071452698e-02,4.946399725531924751e-02
-6.721104106716707660e-02,2.737249112979756385e-03
-7.142570120742997020e-02,1.775076330681233522e-02
-7.688467166558286825e-02,2.409500835549887102e-02
-8.161715763105510668e-02,2.515667773741599167e-02
-8.575775953677031160e-02,1.579679111928183888e-02
-8.865066368425897347e-02,3.646201245487840081e-02
-9.217035303994294826e-02,4.373735367444873956e-02
-9.637551585597609050e-02,4.693596509889315371e-02
-9.749736000218878207e-02,4.025466883997631112e-02
-9.834490011916373342e-02,4.252900986532997391e-02
-9.835415108855052879e-02,2.752726503099977781e-02
-9.922974229453969397e-02,4.129441132134073489e-02
-1.001283803043924170e-01,1.517519545739761180e-02
-1.023079897275625955e-01,1.992393810546072216e-02
-1.044449204217142851e-01,1.584565069092721754e-02
-1.075575501762234404e-01,2.336936677239627447e-02
-1.101633782034808912e-01,1.427898081193181880e-02
-1.129486490326010312e-01,4.808057211272234732e-02
-1.145876797730724234e-01,1.564223140028340661e-02
-1.178334951605503889e-01,4.902226905546991538e-03
-1.210088232935599556e-01,2.634085830252066995e-02
-1.241002194841758638e-01,2.854953922258818277e-03
-1.271016257421993534e-01,5.527158315429026546e-03
-1.300159669377899951e-01,1.096946945981231575e-02
-1.327499520495874497e-01,2.321751249410708429e-02
-1.354146054415550360e-01,2.166254661545139598e-02
-1.380519517594218648e-01,3.998459310013956214e-02
-1.406221070961239661e-01,3.697373269420566738e-02
-1.430789060317166628e-01,2.131591469953506707e-02
-1.455155319728747010e-01,1.668521037878149468e-02
-1.479303606840450258e-01,1.582343920307493004e-02
-1.502814210157452091e-01,3.869975436470045327e-02
-1.525336498020602449e-01,2.603620311063487101e-03
-1.547280430286029906e-01,6.410824755302913175e-04
-1.568622311604067898e-01,3.977721959633240267e-02
-1.589637529746547318e-01,2.385731879945246492e-02
-1.610189686134392006e-01,6.544056927678798714e-03
-1.629706699548774673e-01,1.177829672972506396e-02
-1.648581232762260929e-01,4.662519765486913131e-02
-1.667350880925625722e-01,4.297514878124489984e-02
-1.685790986002988767e-01,3.548925251119863095e-02
-1.703470392408245604e-01,2.411126151686632940e-02
-1.720226554803304664e-01,2.601618130956928621e-02
-1.737761366393474061e-01,4.876222676419793289e-02
-1.755260703666326749e-01,4.828852219421436026e-02
-1.771989044427488280e-01,1.076345228929171532e-02
-1.788221978128340661e-01,4.055522831526590932e-02
-1.803710901787300425e-01,9.862133308350840011e-03
-1.819501383337255584e-01,1.067687389419757008e-02
-1.835186716058078704e-01,3.380465170822884169e-02
-1.850430658036200937e-01,2.025005492937742221e-02
-1.865542349006660827e-01,4.657722035532601418e-02
-1.880126034704968641e-01,4.450486744800441832e-03
-1.894022153114503226e-01,2.557628204047465367e-02
-1.907325843953197320e-01,4.592607652215606462e-02
-1.920253075461905434e-01,4.520568302397526272e-02
-1.932584271992243974e-01,7.826460670787061674e-03
-1.943900358990712784e-01,1.833188500482282532e-02
-1.955126280548713513e-01,3.095607000233481509e-02
-1.966756438440828147e-01,7.969744238570108941e-03
-1.977883459070524652e-01,4.840110860228694079e-02
-1.988096236169392128e-01,4.573746643638301745e-02
-1.997997691522769570e-01,8.347508951723458734e-03
-2.006754319311320756e-01,6.057773063049271337e-03
-2.014943993479409168e-01,4.270424140413265311e-03
-2.023025057110561520e-01,4.547218320183155776e-02
-2.031117009042536503e-01,9.681190489773040808e-03
-2.039373746882787442e-01,2.081424642721773841e-02
-2.046526619734625740e-01,2.244256828260015116e-02
-2.053605240434549506e-01,2.995055221067837933e-02
-2.060348307310876925e-01,3.586767187371248111e-03
-2.067826921708494636e-01,1.133793087002579747e-02
-2.074780961508971011e-01,4.657451934594630805e-02
-2.081817492627868749e-01,4.542050536342848166e-02
-2.088374825778631094e-01,3.906453237028461450e-02
-2.095171455801547455e-01,9.700622809107717999e-04
-2.101667050357400313e-01,1.635033842480510674e-02
-2.107538591276087725e-01,3.139793676714539017e-02
-2.113147964043942673e-01,1.375951058867378590e-02
-2.118506261503684818e-01,4.547933475268886583e-02
-2.123737395301782960e-01,3.169447309162209264e-02
-2.129368635985549596e-01,3.595335865822280041e-03
-2.135841094446475907e-01,4.545027944178515328e-02
-2.142746578393892876e-01,4.788833290881112925e-02
-2.149560846770702527e-01,3.885620919586274535e-03
-2.156502232908646954e-01,2.661801174306574480e-02
-2.162823452463817075e-01,1.516821411070852325e-02
-2.168381283975489016e-01,1.964195382407012136e-02
-2.173709299665132766e-01,8.982560897767095584e-03
-2.178565408421633265e-01,2.890360510062062877e-02
-2.182506637716840892e-01,4.789896766244453041e-02
-2.186892035423040614e-01,2.515363001358045247e-02
-2.191187593935297051e-01,4.145729069724058032e-03
-2.195707412979746864e-01,3.100006667387042100e-02
-2.200099463684198342e-01,1.701114972256285301e-02
-2.204335852574414445e-01,4.279625947956489096e-02
-2.208929341656509782e-01,2.173390741582351127e-02
-2.213415518167809737e-01,9.641980447112280875e-03
-2.217673930259754789e-01,9.555281134557247827e-03
-2.220726438945299641e-01,3.843820903605801864e-02
-2.224386172008603335e-01,1.327937991536799582e-02
-2.228683896241765994e-01,3.836166970796114906e-02
-2.233276682024551985e-01,1.029436553832997064e-02
-2.238287007905728487e-01,1.608431843506546999e-02
-2.243511938496212943e-01,2.327434862198497073e-02
-2.248765640820523659e-01,4.715979248467253721e-02
-2.253638325147837573e-01,4.658657123769123498e-02
-2.259256890617842295e-01,1.034359377111439098e-02
-2.264335233283682192e-01,1.791095206215364069e-02
-2.269247804130734014e-01,7.469969422688616661e-03
-2.273135448703766937e-01,2.549925396567485902e-02
-2.277353405152924837e-01,2.302912753473333046e-02
-2.281762952710333359e-01,4.503800812253662411e-02
-2.285176772255622935e-01,4.650026888955363646e-02
-2.287975714240346459e-01,1.917836955036460525e-02
-2.289940857764498627e-01,2.458689715094947159e-02
-2.291825239304970396e-01,4.481181245730665730e-02
-2.293667932706439927e-01,4.033539038725307557e-02
-2.294963385075083073e-01,1.828155672324638435e-04
-2.296017913056121185e-01,1.600297820917912645e-02
-2.297209262000996233e-01,2.108871209680629466e-02
-2.297765505285110366e-01,1.148581418416158573e-02
-2.298303526279521780e-01,9.978580794796937381e-03
-2.298240061651860566e-01,1.889225329783983560e-03
-2.297360568169064254e-01,3.216848625348802532e-02
-2.296698191215762463e-01,1.312551452415828407e-02
-2.296086232221646317e-01,2.617358921565654702e-03
-2.295358447437434446e-01,1.154896552640318277e-02
-2.293772781151860729e-01,4.009569764180632989e-02
-2.292232282939643540e-01,4.257445908232733445e-02
-2.290728135037862767e-01,2.415331225966513284e-02
-2.288553140652901108e-01,2.080353352043430928e-02
-2.285420364448641217e-01,4.889268467508908755e-02
-2.281950317774243675e-01,1.002823297940349558e-02
-2.278824334432494048e-01,1.076796414273042436e-02
-2.275430587239972435e-01,1.459335885181998853e-02
-2.272071145656427982e-01,8.637865914054366698e-03
-2.267972068631863292e-01,1.896827991020932913e-02
-2.263835569493598820e-01,4.554171134948769434e-02
-2.260343383384923188e-01,3.076739203142871484e-02
-2.257176945081301733e-01,2.059732743061318261e-02
-2.254128320050931278e-01,4.672053972856074489e-02
-2.251731333324445694e-01,2.423211623791116185e-03
-2.249574548080968683e-01,1.051380889509306860e-02
-2.247433604711674970e-01,2.829443025508794965e-02
-2.244914581287301980e-01,3.077763115965895940e-02
-2.243010052854516878e-01,1.977875328130657227e-03
-2.240216052925073642e-01,2.015193789535661001e-02
-2.237399993878051996e-01,3.245769824154363936e-02
-2.233842623248465387e-01,3.490352732017008158e-02
-2.230531954784607529e-01,3.190699512581346431e-02
-2.227773151407396457e-01,1.602816121804622948e-02
-2.225737002469888315e-01,4.676006179895476032e-03
-2.223349456613351038e-01,2.135562232096670579e-02
-2.221135493325131216e-01,6.437721868402773717e-03
-2.219417241345847946e-01,4.738118292603335502e-02
-2.218005461393684208e-01,2.375854330113141497e-02
-2.215717651907644914e-01,1.586295871784337841e-02
-2.213985013525263668e-01,3.831520355594500438e-02
-2.212666918851679820e-01,2.489742962911319427e-02
-2.210933899445226281e-01,1.550170120062250440e-02
-2.209302232563990220e-01,4.059838711954008583e-02
-2.207602311576532528e-01,4.335760755005610423e-02
-2.205788517141692162e-01,3.365040831443385366e-02
-2.203711185567038822e-01,2.348221120383364897e-03
-2.201773769790644486e-01,2.831614400832660472e-02
-2.199557475425300557e-01,3.816474559986408194e-02
-2.197951126011238321e-01,6.825150604179108967e-03
-2.196515000904043780e-01,1.143353756923016877e-02
-2.194160901478021952e-01,4.412475525340682492e-02
-2.192483920255937357e-01,1.006086092653701988e-03
-2.191793979348139743e-01,3.763635689129880141e-02
-2.191356873510245662e-01,2.368866462572114667e-02
-2.190643148021445830e-01,2.233860794198034433e-02
-2.190218366978591569e-01,3.548266247443588196e-04
-2.189477168456817335e-01,4.096991154832464038e-02
-2.188754788166480947e-01,1.799124503182832416e-02
-2.188114176250890996e-01,2.703828156502714741e-02
-2.187129684258758422e-01,3.386503431678297010e-02
-2.186489390533038479e-01,3.513147882189578824e-02
-2.186343108136112323e-01,4.779900294130361854e-02
-2.186501285053193688e-01,2.656699766183045694e-02
-2.185320177127621777e-01,1.998597754872137935e-02
-2.183969958154406699e-01,4.768518132458540032e-02
-2.182544874916279853e-01,3.210551175127605850e-02
-2.181099409853482773e-01,1.490751781382778154e-02
-2.179620090804323118e-01,6.323212270178558275e-03
-2.178868895609787637e-01,4.212772507325907023e-02
-2.178638589497490785e-01,1.810908013970757846e-02
-2.177665737461016160e-01,3.302348606822155808e-02
-2.176957926933746901e-01,2.354082096829490656e-02
-2.176012924367418666e-01,9.946488989751917434e-03
-2.174999245531948067e-01,3.008433043102325469e-02
-2.174386051923672125e-01,3.034153447534116040e-03
-2.174041422840099491e-01,2.066712299355961263e-02
-2.173923560638349184e-01,2.733074698318355145e-02
-2.174188303497166519e-01,2.180234870592895335e-02
-2.174465087235266936e-01,3.743360876254954450e-02
-2.174361928226080654e-01,4.139624772726562679e-02
-2.173445940389602538e-01,3.856215370165890638e-02
-2.172831088411079081e-01,1.940647390590105603e-03
-2.171930055412009952e-01,9.706438522298611871e-03
-2.171000861439884855e-01,2.683037546318871661e-02
-2.170037057114093393e-01,4.674110202219006194e-02
-2.169843330579478979e-01,4.174783875260584809e-02
-2.168653722230604319e-01,4.212672541759008432e-02
-2.167044777462847904e-01,1.516040968798374605e-02
-2.164783004045510717e-01,2.147239485393512975e-02
-2.163079680666120663e-01,2.353529736579687212e-02
-2.161700250546410018e-01,7.868579167495521470e-03
-2.159790931087490207e-01,1.553406512222815826e-03
-2.158130867911673412e-01,4.734514497302584612e-02
-2.155982672728751492e-01,1.203562928317533642e-02
-2.153264358792580380e-01,1.199744518618156564e-02
-2.151885442317479913e-01,4.168952688437976839e-03
-2.149151122220389620e-01,4.642538759718892877e-02
-2.146009104452954452e-01,2.898685574698860179e-02
-2.143842574564703285e-01,3.335184285626769524e-02
-2.142323990080294005e-01,4.557884436315262633e-02
-2.140549761476271129e-01,1.728100844503947450e-02
-2.137846608653819480e-01,3.107536555690420740e-02
-2.134827009996148606e-01,1.939972736444373243e-03
-2.131064904954933781e-01,9.338626411556466902e-03
-2.127455400167169164e-01,4.156229025449712650e-02
-2.123320342571158315e-01,3.833841781691679079e-02
-2.118835282573199030e-01,1.753213457285734619e-02
-2.114149505218747005e-01,1.884053138871062683e-02
-2.109016761400763773e-01,2.667772167767897343e-02
-2.103810154437533164e-01,1.205023425672746664e-05
-2.097944705800775800e-01,1.206221680190139312e-02
-2.092271541526462830e-01,1.041159043041072277e-02
-2.086285794672468330e-01,1.252414733748817392e-02
-2.079987918895708776e-01,4.029529212667207205e-02
-2.073561970138553812e-01,1.398369282732215939e-02
-2.067032200541631670e-01,9.576066102507408209e-03
-2.060090988675176427e-01,2.521317303965157908e-02
-2.053494103355740508e-01,4.328225181863659676e-02
-2.045744186175816881e-01,1.206748519187499438e-02
-2.037312023979014064e-01,3.926812139639935043e-03
-2.028451104479805922e-01,1.782023679248323500e-02
-2.018488048101829135e-01,3.738259122824889175e-02
-2.008115918893167151e-01,2.753452723473973074e-02
-1.997555394429967601e-01,4.083966847871737388e-02
-1.986220390509579048e-01,4.797960738046169737e-02
-1.974488452293989560e-01,3.963312383758085811e-02
-1.962266418769107457e-01,3.019015394218767245e-02
-1.949704440532152028e-01,2.466707940261902640e-02
-1.937280102745032040e-01,2.003454317413333463e-03
-1.924480234737403206e-01,4.921609894070206465e-02
-1.911610342317617284e-01,1.917405612875212884e-02
-1.898273315692983187e-01,7.611410695843340291e-03
-1.884995565560502184e-01,3.333544276982283727e-02
-1.871271978653639423e-01,1.421441445477296742e-02
-1.857172580519886318e-01,2.928891354655238297e-02
-1.842628440516935473e-01,2.933839539222956108e-02
-1.827501292319322623e-01,2.228649104514346044e-02
-1.811643258030749826e-01,4.180593077725213574e-02
-1.796408738106189396e-01,1.324835307777215247e-02
-1.780062333504354166e-01,2.243162958088670833e-02
-1.762977190655459769e-01,2.688460642954857566e-02
-1.745904023386307402e-01,3.318123603836498070e-02
-1.728257033478961813e-01,3.919859252527947702e-02
-1.711087407433244945e-01,1.974036414391280511e-02
-1.692879003186445186e-01,3.230234720482980104e-02
-1.674524831103817168e-01,7.530547653425956854e-03
-1.656406107733483235e-01,4.663240502712392987e-02
-1.637774136796587010e-01,1.915294032105017974e-02
-1.618410240204955497e-01,3.647607109882192167e-02
-1.598803861292173722e-01,1.017054094108882454e-03
-1.578576068009333311e-01,1.025935714524035119e-02
-1.558192662488209479e-01,2.435412721617890089e-02
-1.537136867652425798e-01,4.391262338661733322e-02
-1.516155809632099838e-01,2.636275749753385841e-02
-1.495684029571303642e-01,4.649352411469395707e-02
-1.475080838478544099e-01,2.418984482913981784e-02
-1.454377016130586064e-01,2.452245483679749843e-02
-1.433719631503804492e-01,5.987339425026595024e-03
-1.413488445544991701e-01,4.013281220761099471e-02
-1.393081577631463397e-01,1.234827062335312579e-02
-1.372338595764505120e-01,4.498062446861575414e-02
-1.352116915620665827e-01,4.554121101651981141e-02
-1.331124882548658239e-01,4.716550559370748935e-02
-1.310242567392266855e-01,2.601152445515450204e-02
-1.289515841611310887e-01,3.385468923918221601e-02
-1.268658517280477072e-01,3.892579400308317922e-02
-1.248131091370693196e-01,6.550730932523280217e-03
-1.227267543405396594e-01,3.004785974987486327e-02
-1.207920344170683447e-01,1.714895065165583784e-03
-1.188708807544651969e-01,2.487830416943629525e-02
-1.168547282863960507e-01,7.742134081011370697e-03
-1.147656136081515038e-01,9.146146298104234837e-03
-1.127679471281894941e-01,1.825237833463007678e-02
-1.107898719792533293e-01,2.162185833582515315e-02
-1.087391255403187817e-01,3.115862122660936415e-02
-1.066644816534935286e-01,3.721420921925783568e-03
-1.045455718681351925e-01,2.518458806187223384e-02
-1.024917215993664255e-01,9.131256512655056348e-03
-1.004375131513748076e-01,2.869875875158709594e-02
-9.839940227289467600e-02,3.187023061305917920e-02
-9.630666021603925819e-02,2.783546282764269575e-02
-9.423731095205606367e-02,3.691477552391538713e-02
-9.219145316676834179e-02,1.678046221204506847e-02
-9.017615501886508400e-02,3.825532958165654696e-02
-8.825665897797066450e-02,2.163835408540968480e-02
-8.632119967854232079e-02,2.420922491612984007e-02
-8.436361335929094818e-02,3.240510636305356934e-02
-8.251760493813936614e-02,9.179191999611979952e-04
-8.066735750423652263e-02,3.269971107101241753e-02
-7.879853156712093853e-02,3.092925745360576920e-02
-7.689653553596616231e-02,1.549235583766399652e-02
-7.504615482660177694e-02,4.289714244974473893e-03
-7.315635989111177184e-02,4.546772495652057731e-03
-7.138667928049044487e-02,4.616118734926143163e-02
-6.963867313557592365e-02,3.446396606129185913e-02
-6.788620518331160703e-02,6.355130688537019568e-03
-6.620543250346937192e-02,1.783615846544531897e-02
-6.452563445630205008e-02,2.962414969507982249e-02
-6.284981176675535908e-02,4.177858525453243682e-02
-6.122922834958560018e-02,2.183046435650426442e-03
-5.965508970825086910e-02,1.183165657350044447e-02
-5.811851276903418767e-02,4.448744951476900356e-02
-5.665680348439162267e-02,4.582775091908242605e-04
-5.531426627407072527e-02,1.006995513969437088e-02
-5.393800579278872076e-02,4.795120879864830238e-02
-5.255235019317529288e-02,3.067009232610855632e-02
-5.116108451112880151e-02,1.308356833187532264e-02
-4.971298720633277740e-02,3.349554719792380460e-03
-4.827169224949255655e-02,1.409567022361107999e-03
-4.683632635685759660e-02,1.223725398184636465e-02
-4.544180089853939314e-02,4.407429097944552676e-02
-4.405563901854445130e-02,2.079568271487547415e-02
-4.278420638177986984e-02,3.601666845829964991e-02
-4.150688981194573801e-02,4.591425176899788935e-02
-4.027035483832799162e-02,2.040202308014082977e-02
-3.903131005896247341e-02,9.563868551869853310e-03
-3.775777410708520965e-02,2.585589654284597624e-02
-3.643257509535879207e-02,4.540418435299272554e-02
-3.513175767368031249e-02,4.021872070688503609e-02
-3.382487157414817980e-02,3.291492168157689191e-03
-3.256861520707721169e-02,3.462864000387909369e-02
-3.129355365732956057e-02,2.859487612294768846e-02
-3.001081540625147662e-02,4.537315881732127687e-02
-2.875920780558097536e-02,6.124070842514862251e-03
-2.754771033320778384e-02,2.670180566023283228e-02
-2.638666808479145018e-02,4.397313467559461897e-02
-2.520548876068931868e-02,2.050118933708715285e-02
-2.394563704507263885e-02,2.409974588664335476e-02
-2.277369405953543272e-02,3.523033883347914848e-03
-2.161905345400898584e-02,1.390718202244554252e-02
-2.048623595336190872e-02,1.622533245844736891e-02
-1.937428543560887340e-02,4.725612243724434947e-02
-1.832470303504078399e-02,1.413336802705795342e-02
-1.722454038702762175e-02,2.304343676348260053e-02
-1.623930937926754484e-02,3.356522117821399143e-02
-1.517568824192935296e-02,8.109168620393869889e-03
-1.414819592959131594e-02,2.432211935709372580e-02
-1.313666834391018397e-02,3.692695197379538413e-02
-1.211910765974818713e-02,4.334276065135330563e-02
-1.112014665233605759e-02,3.131296373312133369e-02
-1.012067739571499529e-02,3.345267576584739361e-02
-9.118127590260987833e-03,6.314173629228448173e-03
-8.163062056809840261e-03,4.728882486231736348e-02
-7.224228448818803376e-03,6.628703874224118123e-03
-6.356255375497515785e-03,3.873364685908992078e-02
-5.469856311371159262e-03,1.324081608891594132e-02
-4.581605458535284274e-03,4.667965718506258271e-02
-3.671645608349290071e-03,3.599797696847397560e-02
-2.806846044933997055e-03,3.769068564891844830e-02
-2.010408168950874978e-03,1.095295865299416617e-02
-1.273573940210450794e-03,2.215199883175804352e-02
-4.709402728745923209e-04,3.089065972946432315e-02
2.171414333601910077e-04,3.849868091033004786e-02
9.104590777839296524e-04,5.197968795619479013e-03
1.646889581053970035e-03,4.811826582272642205e-02
2.393605060398985331e-03,4.451103352772780436e-02
3.183140591890806434e-03,1.351742952477921755e-02
3.958571050745480005e-03,4.113801215161660280e-02
4.752856172442891311e-03,2.591619615199117210e-02
5.494822844738954035e-03,2.309032407810093432e-02
6.253954637195907953e-03,1.572170529057027172e-02
6.979187868548675233e-03,2.904842933157962548e-02
7.740483392163223161e-03,3.649445588517988975e-02
8.487326885536021145e-03,2.054664524813791526e-02
9.106341438244886996e-03,3.146095965041460774e-02
9.635904351815008373e-03,3.496564605776519147e-02
1.019291184819332008e-02,3.555609085076429782e-02
1.074915634013161661e-02,2.598304906559012820e-03
1.127446642027813556e-02,4.298739028425335035e-02
1.182768444067041139e-02,2.291266573825239891e-02
1.240634356458520000e-02,1.312080408481072248e-02
1.291455690439345140e-02,1.208822537398408087e-02
1.347347576228203128e-02,2.415070564219752580e-02
1.407772973215438116e-02,4.434157697344796173e-02
1.471170749213590936e-02,1.891737908413234845e-02
1.536857467972094042e-02,3.748628733917716560e-02
1.601426200065230593e-02,4.840936549360930555e-03
1.663639286161637879e-02,2.380283510755308932e-02
1.719346060516410701e-02,4.958430701963678633e-02
1.771481140533783319e-02,3.852189013961684894e-02
1.826943158235031991e-02,1.052642442203065125e-02
1.874712256251716627e-02,2.507207368489553639e-02
1.915218339371207654e-02,1.168123818242832769e-02
1.954034611270863767e-02,2.047804636312546347e-02
1.989667144459608683e-02,3.900420118674824410e-02
2.022007517471752572e-02,3.856124076452018684e-02
2.066354195042964526e-02,1.140501889511925764e-02
2.109725238351427626e-02,4.611116590774300833e-02
2.150218815920231646e-02,2.962840913824134337e-02
2.183841396167936558e-02,1.899621454810072885e-02
2.220226892102153751e-02,2.509677903904303231e-02
2.259933821489857123e-02,3.025356267188718598e-02
2.302067224307224533e-02,2.799452659228927193e-02
2.344263372990924854e-02,2.432025177680890993e-02
2.388049311905268007e-02,2.524664020447000765e-02
2.430641422293308707e-02,8.820595521394308455e-03
2.470701633382272819e-02,4.063664521523396855e-02
2.509034134552955153e-02,2.708801599705076835e-02
2.546777970768012572e-02,6.553993085235155017e-03
2.581724560519380041e-02,3.830785507913889859e-02
2.609099156518491364e-02,4.662219891886754120e-02
2.642951506768487224e-02,4.736534496184810483e-02
2.678565687114914384e-02,1.845088662055863887e-02
2.713449683361299214e-02,6.775843678037702517e-03
2.749203664898099489e-02,2.591998133165325860e-02
2.782840236350543964e-02,5.630461467461034958e-03
2.816726694685727644e-02,4.669937092563086756e-02
2.855658805258990199e-02,9.178981367757299559e-03
2.886201276343081101e-02,1.263829299755820507e-02
2.910987740120175513e-02,2.033182634424852281e-02
2.935889121714826619e-02,1.915822342795629046e-02
2.966217952320464313e-02,3.973314461989445323e-02
2.994360984236253340e-02,2.281584102754811993e-02
3.021369825841634799e-02,8.538413000166845609e-03
3.044391556783929143e-02,1.336049477430370502e-02
3.071352065840910264e-02,2.545566925937610414e-02
3.092287618684561382e-02,7.372695871306744926e-03
3.114114021707426253e-02,3.058278378230070566e-02
3.137278837791671743e-02,2.828736532755729560e-02
3.170050127107992832e-02,3.573511581911288648e-02
3.196521682044696500e-02,4.688523076896838893e-02
3.217947817650509273e-02,4.561272805505778294e-02
3.236529491904449607e-02,4.730378090344156822e-02
3.261148158523059087e-02,1.223577985118504824e-02
3.278860216098073571e-02,6.578265331967730889e-03
3.295720331490770844e-02,1.511383502482242618e-02
3.319282611975434699e-02,4.475425863831573176e-02
3.340936048520367491e-02,4.860267373117441170e-02
3.364795801608510412e-02,4.296624755352380226e-02
3.391892627491358697e-02,5.500886056377180672e-03
3.422128827240088905e-02,4.737139990298966374e-02
3.447045381016054094e-02,2.116790136753930046e-02
3.474396996839058255e-02,4.655145381176839731e-04
3.498534802916940939e-02,2.211968703740968198e-02
3.525399195696563015e-02,2.303458483773379844e-03
3.557020744194130252e-02,2.719389605805587820e-02
3.590005636145463669e-02,1.692770137185256596e-02
3.622294300598841860e-02,2.367174667970244062e-02
3.648855050047825066e-02,3.065851803715585397e-02
3.681374235891748947e-02,4.344005479089101812e-02
3.720859554576311928e-02,3.309507882359643410e-02
3.762921598175859167e-02,2.170244342390903469e-02
3.796413911367592375e-02,4.097139268351825819e-02
3.837926158780094466e-02,4.527910687865661227e-02
3.881783816721873920e-02,5.987998321609861591e-03
3.914925097430643069e-02,2.659664887763957264e-02
3.949598059422809726e-02,1.422559798712220817e-02
3.979296099604524156e-02,2.353059893847370479e-03
4.013677115453851557e-02,3.342733475569927004e-02
4.041356482982937093e-02,4.313853887296128370e-02
4.065997357994424050e-02,8.145132723869703134e-03
4.095864989685243929e-02,4.062068288119502490e-02
4.127631796140204118e-02,4.266978667684708654e-02
4.163831764705742955e-02,4.571702213332418108e-02
4.204071274138601599e-02,1.326425445430262119e-02
4.235414247343662064e-02,4.519765325949446494e-02
4.261853851024829248e-02,1.603313773682161353e-02
4.286557084606928275e-02,2.761690067277514093e-02
4.307594365454984336e-02,2.525373541614106890e-03
4.319812518973546039e-02,2.194054418437180274e-03
4.337391084044758816e-02,3.601866063661014750e-02
4.358976529981488379e-02,2.222399889888955482e-02
4.379312169604509392e-02,1.281461876846087811e-02
4.397372128972992095e-02,9.520674801245510716e-03
4.417014558870522439e-02,3.349767454296090352e-02
4.439185007884585005e-02,2.007720126699363906e-05
4.453194660764552004e-02,4.029455845984271367e-02
4.461572773829282357e-02,3.962480306496441070e-03
4.465237826495779827e-02,9.574480745405972854e-03
4.477093414550992190e-02,1.931181976495448260e-02
4.486977411989245823e-02,2.424293698580518019e-02
4.499052667316065512e-02,1.774975579069709361e-02
4.520722258673164073e-02,1.603560824921469383e-02
4.540983650484820000e-02,4.819580060365942498e-02
4.554906161497029871e-02,3.207898406216971171e-02
4.566958856046647586e-02,1.171647768369410468e-03
4.584437012907786185e-02,2.150879542221566243e-02
4.603823376308604359e-02,4.375043498719851515e-02
4.630273911984805757e-02,1.507280932053339795e-02
4.660040757662144845e-02,4.727817238719411903e-03
4.690963132714387473e-02,3.791923857949588972e-02
4.723633900515605138e-02,3.030069159680406563e-02
4.760067022992511138e-02,2.851562539132519725e-02
4.798012433053992776e-02,2.678827980370396353e-03
4.826624719288732240e-02,7.024950489775866856e-03
4.860744647904961802e-02,3.112746981065568977e-02
4.894126140019168514e-02,1.039119207294179198e-02
4.928629123111191723e-02,2.520350398742121634e-02
4.958026868383656055e-02,2.724408430146967389e-02
4.987432358005613325e-02,1.417535951354697080e-02
5.009420435138195460e-02,4.742125777707464906e-02
5.033420898272106259e-02,4.212320534177876191e-02
5.054616493686266143e-02,3.611867538163992392e-02
5.071697085619699535e-02,3.899693320470454510e-03
5.086164514484661087e-02,5.306500965450972225e-03
5.098234537544341777e-02,2.463906729324778777e-02
5.108549563092677770e-02,8.035667459549283853e-03
5.116765537672368636e-02,4.891327317647370387e-02
